0 0 20480 20480
10 10 20470 20470
20 20 20460 20460
30 30 20450 20450
40 40 20440 20440
50 50 20430 20430
60 60 20420 20420
70 70 20410 20410
80 80 20400 20400
90 90 20390 20390
100 100 20380 20380
110 110 20370 20370
120 120 20360 20360
130 130 20350 20350
140 140 20340 20340
150 150 20330 20330
160 160 20320 20320
170 170 20310 20310
180 180 20300 20300
190 190 20290 20290
200 200 20280 20280
210 210 20270 20270
220 220 20260 20260
230 230 20250 20250
240 240 20240 20240
250 250 20230 20230
260 260 20220 20220
270 270 20210 20210
280 280 20200 20200
290 290 20190 20190
300 300 20180 20180
310 310 20170 20170
320 320 20160 20160
330 330 20150 20150
340 340 20140 20140
350 350 20130 20130
360 360 20120 20120
370 370 20110 20110
380 380 20100 20100
390 390 20090 20090
400 400 20080 20080
410 410 20070 20070
420 420 20060 20060
430 430 20050 20050
440 440 20040 20040
450 450 20030 20030
460 460 20020 20020
470 470 20010 20010
480 480 20000 20000
490 490 19990 19990
500 500 19980 19980
510 510 19970 19970
520 520 19960 19960
530 530 19950 19950
540 540 19940 19940
550 550 19930 19930
560 560 19920 19920
570 570 19910 19910
580 580 19900 19900
590 590 19890 19890
600 600 19880 19880
610 610 19870 19870
620 620 19860 19860
630 630 19850 19850
640 640 19840 19840
650 650 19830 19830
660 660 19820 19820
670 670 19810 19810
680 680 19800 19800
690 690 19790 19790
700 700 19780 19780
710 710 19770 19770
720 720 19760 19760
730 730 19750 19750
740 740 19740 19740
750 750 19730 19730
760 760 19720 19720
770 770 19710 19710
780 780 19700 19700
790 790 19690 19690
800 800 19680 19680
810 810 19670 19670
820 820 19660 19660
830 830 19650 19650
840 840 19640 19640
850 850 19630 19630
860 860 19620 19620
870 870 19610 19610
880 880 19600 19600
890 890 19590 19590
900 900 19580 19580
910 910 19570 19570
920 920 19560 19560
930 930 19550 19550
940 940 19540 19540
950 950 19530 19530
960 960 19520 19520
970 970 19510 19510
980 980 19500 19500
990 990 19490 19490
1000 1000 19480 19480
1010 1010 19470 19470
1020 1020 19460 19460
1030 1030 19450 19450
1040 1040 19440 19440
1050 1050 19430 19430
1060 1060 19420 19420
1070 1070 19410 19410
1080 1080 19400 19400
1090 1090 19390 19390
1100 1100 19380 19380
1110 1110 19370 19370
1120 1120 19360 19360
1130 1130 19350 19350
1140 1140 19340 19340
1150 1150 19330 19330
1160 1160 19320 19320
1170 1170 19310 19310
1180 1180 19300 19300
1190 1190 19290 19290
1200 1200 19280 19280
1210 1210 19270 19270
1220 1220 19260 19260
1230 1230 19250 19250
1240 1240 19240 19240
1250 1250 19230 19230
1260 1260 19220 19220
1270 1270 19210 19210
1280 1280 19200 19200
1290 1290 19190 19190
1300 1300 19180 19180
1310 1310 19170 19170
1320 1320 19160 19160
1330 1330 19150 19150
1340 1340 19140 19140
1350 1350 19130 19130
1360 1360 19120 19120
1370 1370 19110 19110
1380 1380 19100 19100
1390 1390 19090 19090
1400 1400 19080 19080
1410 1410 19070 19070
1420 1420 19060 19060
1430 1430 19050 19050
1440 1440 19040 19040
1450 1450 19030 19030
1460 1460 19020 19020
1470 1470 19010 19010
1480 1480 19000 19000
1490 1490 18990 18990
1500 1500 18980 18980
1510 1510 18970 18970
1520 1520 18960 18960
1530 1530 18950 18950
1540 1540 18940 18940
1550 1550 18930 18930
1560 1560 18920 18920
1570 1570 18910 18910
1580 1580 18900 18900
1590 1590 18890 18890
1600 1600 18880 18880
1610 1610 18870 18870
1620 1620 18860 18860
1630 1630 18850 18850
1640 1640 18840 18840
1650 1650 18830 18830
1660 1660 18820 18820
1670 1670 18810 18810
1680 1680 18800 18800
1690 1690 18790 18790
1700 1700 18780 18780
1710 1710 18770 18770
1720 1720 18760 18760
1730 1730 18750 18750
1740 1740 18740 18740
1750 1750 18730 18730
1760 1760 18720 18720
1770 1770 18710 18710
1780 1780 18700 18700
1790 1790 18690 18690
1800 1800 18680 18680
1810 1810 18670 18670
1820 1820 18660 18660
1830 1830 18650 18650
1840 1840 18640 18640
1850 1850 18630 18630
1860 1860 18620 18620
1870 1870 18610 18610
1880 1880 18600 18600
1890 1890 18590 18590
1900 1900 18580 18580
1910 1910 18570 18570
1920 1920 18560 18560
1930 1930 18550 18550
1940 1940 18540 18540
1950 1950 18530 18530
1960 1960 18520 18520
1970 1970 18510 18510
1980 1980 18500 18500
1990 1990 18490 18490
2000 2000 18480 18480
2010 2010 18470 18470
2020 2020 18460 18460
2030 2030 18450 18450
2040 2040 18440 18440
2050 2050 18430 18430
2060 2060 18420 18420
2070 2070 18410 18410
2080 2080 18400 18400
2090 2090 18390 18390
2100 2100 18380 18380
2110 2110 18370 18370
2120 2120 18360 18360
2130 2130 18350 18350
2140 2140 18340 18340
2150 2150 18330 18330
2160 2160 18320 18320
2170 2170 18310 18310
2180 2180 18300 18300
2190 2190 18290 18290
2200 2200 18280 18280
2210 2210 18270 18270
2220 2220 18260 18260
2230 2230 18250 18250
2240 2240 18240 18240
2250 2250 18230 18230
2260 2260 18220 18220
2270 2270 18210 18210
2280 2280 18200 18200
2290 2290 18190 18190
2300 2300 18180 18180
2310 2310 18170 18170
2320 2320 18160 18160
2330 2330 18150 18150
2340 2340 18140 18140
2350 2350 18130 18130
2360 2360 18120 18120
2370 2370 18110 18110
2380 2380 18100 18100
2390 2390 18090 18090
2400 2400 18080 18080
2410 2410 18070 18070
2420 2420 18060 18060
2430 2430 18050 18050
2440 2440 18040 18040
2450 2450 18030 18030
2460 2460 18020 18020
2470 2470 18010 18010
2480 2480 18000 18000
2490 2490 17990 17990
2500 2500 17980 17980
2510 2510 17970 17970
2520 2520 17960 17960
2530 2530 17950 17950
2540 2540 17940 17940
2550 2550 17930 17930
2560 2560 17920 17920
2570 2570 17910 17910
2580 2580 17900 17900
2590 2590 17890 17890
2600 2600 17880 17880
2610 2610 17870 17870
2620 2620 17860 17860
2630 2630 17850 17850
2640 2640 17840 17840
2650 2650 17830 17830
2660 2660 17820 17820
2670 2670 17810 17810
2680 2680 17800 17800
2690 2690 17790 17790
2700 2700 17780 17780
2710 2710 17770 17770
2720 2720 17760 17760
2730 2730 17750 17750
2740 2740 17740 17740
2750 2750 17730 17730
2760 2760 17720 17720
2770 2770 17710 17710
2780 2780 17700 17700
2790 2790 17690 17690
2800 2800 17680 17680
2810 2810 17670 17670
2820 2820 17660 17660
2830 2830 17650 17650
2840 2840 17640 17640
2850 2850 17630 17630
2860 2860 17620 17620
2870 2870 17610 17610
2880 2880 17600 17600
2890 2890 17590 17590
2900 2900 17580 17580
2910 2910 17570 17570
2920 2920 17560 17560
2930 2930 17550 17550
2940 2940 17540 17540
2950 2950 17530 17530
2960 2960 17520 17520
2970 2970 17510 17510
2980 2980 17500 17500
2990 2990 17490 17490
3000 3000 17480 17480
3010 3010 17470 17470
3020 3020 17460 17460
3030 3030 17450 17450
3040 3040 17440 17440
3050 3050 17430 17430
3060 3060 17420 17420
3070 3070 17410 17410
3080 3080 17400 17400
3090 3090 17390 17390
3100 3100 17380 17380
3110 3110 17370 17370
3120 3120 17360 17360
3130 3130 17350 17350
3140 3140 17340 17340
3150 3150 17330 17330
3160 3160 17320 17320
3170 3170 17310 17310
3180 3180 17300 17300
3190 3190 17290 17290
3200 3200 17280 17280
3210 3210 17270 17270
3220 3220 17260 17260
3230 3230 17250 17250
3240 3240 17240 17240
3250 3250 17230 17230
3260 3260 17220 17220
3270 3270 17210 17210
3280 3280 17200 17200
3290 3290 17190 17190
3300 3300 17180 17180
3310 3310 17170 17170
3320 3320 17160 17160
3330 3330 17150 17150
3340 3340 17140 17140
3350 3350 17130 17130
3360 3360 17120 17120
3370 3370 17110 17110
3380 3380 17100 17100
3390 3390 17090 17090
3400 3400 17080 17080
3410 3410 17070 17070
3420 3420 17060 17060
3430 3430 17050 17050
3440 3440 17040 17040
3450 3450 17030 17030
3460 3460 17020 17020
3470 3470 17010 17010
3480 3480 17000 17000
3490 3490 16990 16990
3500 3500 16980 16980
3510 3510 16970 16970
3520 3520 16960 16960
3530 3530 16950 16950
3540 3540 16940 16940
3550 3550 16930 16930
3560 3560 16920 16920
3570 3570 16910 16910
3580 3580 16900 16900
3590 3590 16890 16890
3600 3600 16880 16880
3610 3610 16870 16870
3620 3620 16860 16860
3630 3630 16850 16850
3640 3640 16840 16840
3650 3650 16830 16830
3660 3660 16820 16820
3670 3670 16810 16810
3680 3680 16800 16800
3690 3690 16790 16790
3700 3700 16780 16780
3710 3710 16770 16770
3720 3720 16760 16760
3730 3730 16750 16750
3740 3740 16740 16740
3750 3750 16730 16730
3760 3760 16720 16720
3770 3770 16710 16710
3780 3780 16700 16700
3790 3790 16690 16690
3800 3800 16680 16680
3810 3810 16670 16670
3820 3820 16660 16660
3830 3830 16650 16650
3840 3840 16640 16640
3850 3850 16630 16630
3860 3860 16620 16620
3870 3870 16610 16610
3880 3880 16600 16600
3890 3890 16590 16590
3900 3900 16580 16580
3910 3910 16570 16570
3920 3920 16560 16560
3930 3930 16550 16550
3940 3940 16540 16540
3950 3950 16530 16530
3960 3960 16520 16520
3970 3970 16510 16510
3980 3980 16500 16500
3990 3990 16490 16490
4000 4000 16480 16480
4010 4010 16470 16470
4020 4020 16460 16460
4030 4030 16450 16450
4040 4040 16440 16440
4050 4050 16430 16430
4060 4060 16420 16420
4070 4070 16410 16410
4080 4080 16400 16400
4090 4090 16390 16390
4100 4100 16380 16380
4110 4110 16370 16370
4120 4120 16360 16360
4130 4130 16350 16350
4140 4140 16340 16340
4150 4150 16330 16330
4160 4160 16320 16320
4170 4170 16310 16310
4180 4180 16300 16300
4190 4190 16290 16290
4200 4200 16280 16280
4210 4210 16270 16270
4220 4220 16260 16260
4230 4230 16250 16250
4240 4240 16240 16240
4250 4250 16230 16230
4260 4260 16220 16220
4270 4270 16210 16210
4280 4280 16200 16200
4290 4290 16190 16190
4300 4300 16180 16180
4310 4310 16170 16170
4320 4320 16160 16160
4330 4330 16150 16150
4340 4340 16140 16140
4350 4350 16130 16130
4360 4360 16120 16120
4370 4370 16110 16110
4380 4380 16100 16100
4390 4390 16090 16090
4400 4400 16080 16080
4410 4410 16070 16070
4420 4420 16060 16060
4430 4430 16050 16050
4440 4440 16040 16040
4450 4450 16030 16030
4460 4460 16020 16020
4470 4470 16010 16010
4480 4480 16000 16000
4490 4490 15990 15990
4500 4500 15980 15980
4510 4510 15970 15970
4520 4520 15960 15960
4530 4530 15950 15950
4540 4540 15940 15940
4550 4550 15930 15930
4560 4560 15920 15920
4570 4570 15910 15910
4580 4580 15900 15900
4590 4590 15890 15890
4600 4600 15880 15880
4610 4610 15870 15870
4620 4620 15860 15860
4630 4630 15850 15850
4640 4640 15840 15840
4650 4650 15830 15830
4660 4660 15820 15820
4670 4670 15810 15810
4680 4680 15800 15800
4690 4690 15790 15790
4700 4700 15780 15780
4710 4710 15770 15770
4720 4720 15760 15760
4730 4730 15750 15750
4740 4740 15740 15740
4750 4750 15730 15730
4760 4760 15720 15720
4770 4770 15710 15710
4780 4780 15700 15700
4790 4790 15690 15690
4800 4800 15680 15680
4810 4810 15670 15670
4820 4820 15660 15660
4830 4830 15650 15650
4840 4840 15640 15640
4850 4850 15630 15630
4860 4860 15620 15620
4870 4870 15610 15610
4880 4880 15600 15600
4890 4890 15590 15590
4900 4900 15580 15580
4910 4910 15570 15570
4920 4920 15560 15560
4930 4930 15550 15550
4940 4940 15540 15540
4950 4950 15530 15530
4960 4960 15520 15520
4970 4970 15510 15510
4980 4980 15500 15500
4990 4990 15490 15490
5000 5000 15480 15480
5010 5010 15470 15470
5020 5020 15460 15460
5030 5030 15450 15450
5040 5040 15440 15440
5050 5050 15430 15430
5060 5060 15420 15420
5070 5070 15410 15410
5080 5080 15400 15400
5090 5090 15390 15390
5100 5100 15380 15380
5110 5110 15370 15370
5120 5120 15360 15360
5130 5130 15350 15350
5140 5140 15340 15340
5150 5150 15330 15330
5160 5160 15320 15320
5170 5170 15310 15310
5180 5180 15300 15300
5190 5190 15290 15290
5200 5200 15280 15280
5210 5210 15270 15270
5220 5220 15260 15260
5230 5230 15250 15250
5240 5240 15240 15240
5250 5250 15230 15230
5260 5260 15220 15220
5270 5270 15210 15210
5280 5280 15200 15200
5290 5290 15190 15190
5300 5300 15180 15180
5310 5310 15170 15170
5320 5320 15160 15160
5330 5330 15150 15150
5340 5340 15140 15140
5350 5350 15130 15130
5360 5360 15120 15120
5370 5370 15110 15110
5380 5380 15100 15100
5390 5390 15090 15090
5400 5400 15080 15080
5410 5410 15070 15070
5420 5420 15060 15060
5430 5430 15050 15050
5440 5440 15040 15040
5450 5450 15030 15030
5460 5460 15020 15020
5470 5470 15010 15010
5480 5480 15000 15000
5490 5490 14990 14990
5500 5500 14980 14980
5510 5510 14970 14970
5520 5520 14960 14960
5530 5530 14950 14950
5540 5540 14940 14940
5550 5550 14930 14930
5560 5560 14920 14920
5570 5570 14910 14910
5580 5580 14900 14900
5590 5590 14890 14890
5600 5600 14880 14880
5610 5610 14870 14870
5620 5620 14860 14860
5630 5630 14850 14850
5640 5640 14840 14840
5650 5650 14830 14830
5660 5660 14820 14820
5670 5670 14810 14810
5680 5680 14800 14800
5690 5690 14790 14790
5700 5700 14780 14780
5710 5710 14770 14770
5720 5720 14760 14760
5730 5730 14750 14750
5740 5740 14740 14740
5750 5750 14730 14730
5760 5760 14720 14720
5770 5770 14710 14710
5780 5780 14700 14700
5790 5790 14690 14690
5800 5800 14680 14680
5810 5810 14670 14670
5820 5820 14660 14660
5830 5830 14650 14650
5840 5840 14640 14640
5850 5850 14630 14630
5860 5860 14620 14620
5870 5870 14610 14610
5880 5880 14600 14600
5890 5890 14590 14590
5900 5900 14580 14580
5910 5910 14570 14570
5920 5920 14560 14560
5930 5930 14550 14550
5940 5940 14540 14540
5950 5950 14530 14530
5960 5960 14520 14520
5970 5970 14510 14510
5980 5980 14500 14500
5990 5990 14490 14490
6000 6000 14480 14480
6010 6010 14470 14470
6020 6020 14460 14460
6030 6030 14450 14450
6040 6040 14440 14440
6050 6050 14430 14430
6060 6060 14420 14420
6070 6070 14410 14410
6080 6080 14400 14400
6090 6090 14390 14390
6100 6100 14380 14380
6110 6110 14370 14370
6120 6120 14360 14360
6130 6130 14350 14350
6140 6140 14340 14340
6150 6150 14330 14330
6160 6160 14320 14320
6170 6170 14310 14310
6180 6180 14300 14300
6190 6190 14290 14290
6200 6200 14280 14280
6210 6210 14270 14270
6220 6220 14260 14260
6230 6230 14250 14250
6240 6240 14240 14240
6250 6250 14230 14230
6260 6260 14220 14220
6270 6270 14210 14210
6280 6280 14200 14200
6290 6290 14190 14190
6300 6300 14180 14180
6310 6310 14170 14170
6320 6320 14160 14160
6330 6330 14150 14150
6340 6340 14140 14140
6350 6350 14130 14130
6360 6360 14120 14120
6370 6370 14110 14110
6380 6380 14100 14100
6390 6390 14090 14090
6400 6400 14080 14080
6410 6410 14070 14070
6420 6420 14060 14060
6430 6430 14050 14050
6440 6440 14040 14040
6450 6450 14030 14030
6460 6460 14020 14020
6470 6470 14010 14010
6480 6480 14000 14000
6490 6490 13990 13990
6500 6500 13980 13980
6510 6510 13970 13970
6520 6520 13960 13960
6530 6530 13950 13950
6540 6540 13940 13940
6550 6550 13930 13930
6560 6560 13920 13920
6570 6570 13910 13910
6580 6580 13900 13900
6590 6590 13890 13890
6600 6600 13880 13880
6610 6610 13870 13870
6620 6620 13860 13860
6630 6630 13850 13850
6640 6640 13840 13840
6650 6650 13830 13830
6660 6660 13820 13820
6670 6670 13810 13810
6680 6680 13800 13800
6690 6690 13790 13790
6700 6700 13780 13780
6710 6710 13770 13770
6720 6720 13760 13760
6730 6730 13750 13750
6740 6740 13740 13740
6750 6750 13730 13730
6760 6760 13720 13720
6770 6770 13710 13710
6780 6780 13700 13700
6790 6790 13690 13690
6800 6800 13680 13680
6810 6810 13670 13670
6820 6820 13660 13660
6830 6830 13650 13650
6840 6840 13640 13640
6850 6850 13630 13630
6860 6860 13620 13620
6870 6870 13610 13610
6880 6880 13600 13600
6890 6890 13590 13590
6900 6900 13580 13580
6910 6910 13570 13570
6920 6920 13560 13560
6930 6930 13550 13550
6940 6940 13540 13540
6950 6950 13530 13530
6960 6960 13520 13520
6970 6970 13510 13510
6980 6980 13500 13500
6990 6990 13490 13490
7000 7000 13480 13480
7010 7010 13470 13470
7020 7020 13460 13460
7030 7030 13450 13450
7040 7040 13440 13440
7050 7050 13430 13430
7060 7060 13420 13420
7070 7070 13410 13410
7080 7080 13400 13400
7090 7090 13390 13390
7100 7100 13380 13380
7110 7110 13370 13370
7120 7120 13360 13360
7130 7130 13350 13350
7140 7140 13340 13340
7150 7150 13330 13330
7160 7160 13320 13320
7170 7170 13310 13310
7180 7180 13300 13300
7190 7190 13290 13290
7200 7200 13280 13280
7210 7210 13270 13270
7220 7220 13260 13260
7230 7230 13250 13250
7240 7240 13240 13240
7250 7250 13230 13230
7260 7260 13220 13220
7270 7270 13210 13210
7280 7280 13200 13200
7290 7290 13190 13190
7300 7300 13180 13180
7310 7310 13170 13170
7320 7320 13160 13160
7330 7330 13150 13150
7340 7340 13140 13140
7350 7350 13130 13130
7360 7360 13120 13120
7370 7370 13110 13110
7380 7380 13100 13100
7390 7390 13090 13090
7400 7400 13080 13080
7410 7410 13070 13070
7420 7420 13060 13060
7430 7430 13050 13050
7440 7440 13040 13040
7450 7450 13030 13030
7460 7460 13020 13020
7470 7470 13010 13010
7480 7480 13000 13000
7490 7490 12990 12990
7500 7500 12980 12980
7510 7510 12970 12970
7520 7520 12960 12960
7530 7530 12950 12950
7540 7540 12940 12940
7550 7550 12930 12930
7560 7560 12920 12920
7570 7570 12910 12910
7580 7580 12900 12900
7590 7590 12890 12890
7600 7600 12880 12880
7610 7610 12870 12870
7620 7620 12860 12860
7630 7630 12850 12850
7640 7640 12840 12840
7650 7650 12830 12830
7660 7660 12820 12820
7670 7670 12810 12810
7680 7680 12800 12800
7690 7690 12790 12790
7700 7700 12780 12780
7710 7710 12770 12770
7720 7720 12760 12760
7730 7730 12750 12750
7740 7740 12740 12740
7750 7750 12730 12730
7760 7760 12720 12720
7770 7770 12710 12710
7780 7780 12700 12700
7790 7790 12690 12690
7800 7800 12680 12680
7810 7810 12670 12670
7820 7820 12660 12660
7830 7830 12650 12650
7840 7840 12640 12640
7850 7850 12630 12630
7860 7860 12620 12620
7870 7870 12610 12610
7880 7880 12600 12600
7890 7890 12590 12590
7900 7900 12580 12580
7910 7910 12570 12570
7920 7920 12560 12560
7930 7930 12550 12550
7940 7940 12540 12540
7950 7950 12530 12530
7960 7960 12520 12520
7970 7970 12510 12510
7980 7980 12500 12500
7990 7990 12490 12490
8000 8000 12480 12480
8010 8010 12470 12470
8020 8020 12460 12460
8030 8030 12450 12450
8040 8040 12440 12440
8050 8050 12430 12430
8060 8060 12420 12420
8070 8070 12410 12410
8080 8080 12400 12400
8090 8090 12390 12390
8100 8100 12380 12380
8110 8110 12370 12370
8120 8120 12360 12360
8130 8130 12350 12350
8140 8140 12340 12340
8150 8150 12330 12330
8160 8160 12320 12320
8170 8170 12310 12310
8180 8180 12300 12300
8190 8190 12290 12290
8200 8200 12280 12280
8210 8210 12270 12270
8220 8220 12260 12260
8230 8230 12250 12250
8240 8240 12240 12240
8250 8250 12230 12230
8260 8260 12220 12220
8270 8270 12210 12210
8280 8280 12200 12200
8290 8290 12190 12190
8300 8300 12180 12180
8310 8310 12170 12170
8320 8320 12160 12160
8330 8330 12150 12150
8340 8340 12140 12140
8350 8350 12130 12130
8360 8360 12120 12120
8370 8370 12110 12110
8380 8380 12100 12100
8390 8390 12090 12090
8400 8400 12080 12080
8410 8410 12070 12070
8420 8420 12060 12060
8430 8430 12050 12050
8440 8440 12040 12040
8450 8450 12030 12030
8460 8460 12020 12020
8470 8470 12010 12010
8480 8480 12000 12000
8490 8490 11990 11990
8500 8500 11980 11980
8510 8510 11970 11970
8520 8520 11960 11960
8530 8530 11950 11950
8540 8540 11940 11940
8550 8550 11930 11930
8560 8560 11920 11920
8570 8570 11910 11910
8580 8580 11900 11900
8590 8590 11890 11890
8600 8600 11880 11880
8610 8610 11870 11870
8620 8620 11860 11860
8630 8630 11850 11850
8640 8640 11840 11840
8650 8650 11830 11830
8660 8660 11820 11820
8670 8670 11810 11810
8680 8680 11800 11800
8690 8690 11790 11790
8700 8700 11780 11780
8710 8710 11770 11770
8720 8720 11760 11760
8730 8730 11750 11750
8740 8740 11740 11740
8750 8750 11730 11730
8760 8760 11720 11720
8770 8770 11710 11710
8780 8780 11700 11700
8790 8790 11690 11690
8800 8800 11680 11680
8810 8810 11670 11670
8820 8820 11660 11660
8830 8830 11650 11650
8840 8840 11640 11640
8850 8850 11630 11630
8860 8860 11620 11620
8870 8870 11610 11610
8880 8880 11600 11600
8890 8890 11590 11590
8900 8900 11580 11580
8910 8910 11570 11570
8920 8920 11560 11560
8930 8930 11550 11550
8940 8940 11540 11540
8950 8950 11530 11530
8960 8960 11520 11520
8970 8970 11510 11510
8980 8980 11500 11500
8990 8990 11490 11490
9000 9000 11480 11480
9010 9010 11470 11470
9020 9020 11460 11460
9030 9030 11450 11450
9040 9040 11440 11440
9050 9050 11430 11430
9060 9060 11420 11420
9070 9070 11410 11410
9080 9080 11400 11400
9090 9090 11390 11390
9100 9100 11380 11380
9110 9110 11370 11370
9120 9120 11360 11360
9130 9130 11350 11350
9140 9140 11340 11340
9150 9150 11330 11330
9160 9160 11320 11320
9170 9170 11310 11310
9180 9180 11300 11300
9190 9190 11290 11290
9200 9200 11280 11280
9210 9210 11270 11270
9220 9220 11260 11260
9230 9230 11250 11250
9240 9240 11240 11240
9250 9250 11230 11230
9260 9260 11220 11220
9270 9270 11210 11210
9280 9280 11200 11200
9290 9290 11190 11190
9300 9300 11180 11180
9310 9310 11170 11170
9320 9320 11160 11160
9330 9330 11150 11150
9340 9340 11140 11140
9350 9350 11130 11130
9360 9360 11120 11120
9370 9370 11110 11110
9380 9380 11100 11100
9390 9390 11090 11090
9400 9400 11080 11080
9410 9410 11070 11070
9420 9420 11060 11060
9430 9430 11050 11050
9440 9440 11040 11040
9450 9450 11030 11030
9460 9460 11020 11020
9470 9470 11010 11010
9480 9480 11000 11000
9490 9490 10990 10990
9500 9500 10980 10980
9510 9510 10970 10970
9520 9520 10960 10960
9530 9530 10950 10950
9540 9540 10940 10940
9550 9550 10930 10930
9560 9560 10920 10920
9570 9570 10910 10910
9580 9580 10900 10900
9590 9590 10890 10890
9600 9600 10880 10880
9610 9610 10870 10870
9620 9620 10860 10860
9630 9630 10850 10850
9640 9640 10840 10840
9650 9650 10830 10830
9660 9660 10820 10820
9670 9670 10810 10810
9680 9680 10800 10800
9690 9690 10790 10790
9700 9700 10780 10780
9710 9710 10770 10770
9720 9720 10760 10760
9730 9730 10750 10750
9740 9740 10740 10740
9750 9750 10730 10730
9760 9760 10720 10720
9770 9770 10710 10710
9780 9780 10700 10700
9790 9790 10690 10690
9800 9800 10680 10680
9810 9810 10670 10670
9820 9820 10660 10660
9830 9830 10650 10650
9840 9840 10640 10640
9850 9850 10630 10630
9860 9860 10620 10620
9870 9870 10610 10610
9880 9880 10600 10600
9890 9890 10590 10590
9900 9900 10580 10580
9910 9910 10570 10570
9920 9920 10560 10560
9930 9930 10550 10550
9940 9940 10540 10540
9950 9950 10530 10530
9960 9960 10520 10520
9970 9970 10510 10510
9980 9980 10500 10500
9990 9990 10490 10490
10000 10000 10480 10480
10010 10010 10470 10470
10020 10020 10460 10460
10030 10030 10450 10450
10040 10040 10440 10440
10050 10050 10430 10430
10060 10060 10420 10420
10070 10070 10410 10410
10080 10080 10400 10400
10090 10090 10390 10390
10100 10100 10380 10380
10110 10110 10370 10370
10120 10120 10360 10360
10130 10130 10350 10350
10140 10140 10340 10340
10150 10150 10330 10330
10160 10160 10320 10320
10170 10170 10310 10310
10180 10180 10300 10300
10190 10190 10290 10290
10200 10200 10280 10280
10210 10210 10270 10270
10220 10220 10260 10260
10230 10230 10250 10250
