Linear
0.5881786346435547
0.6051063537597656
0.6787776947021484
0.8180141448974609
1.085042953491211
1.6360282897949219
2.796649932861328
5.055904388427734
9.797096252441406
20.997047424316406
51.34892463684082
Map
0.5769729614257812
0.5779266357421875
0.5748271942138672
0.6589889526367188
0.6120204925537109
0.6730556488037109
0.8199214935302734
0.7600784301757812
0.9829998016357422
1.6291141510009766
4.385948181152344
PersistentSegmentTree
0.5550384521484375
0.5750656127929688
0.5970001220703125
0.6668567657470703
0.7421970367431641
0.6999969482421875
0.7579326629638672
0.8070468902587891
1.001119613647461
1.645803451538086
4.163980484008789
